Run semi-empirical minimization
 &qmmm
    qm_theory='AM1', grms_tol=0.0005,
 scfconv=1.d-10, ndiis_attempts=700,   qmcharge=-1,
 /
   6    CA      -32.6490        8.6000       92.3260 
   6    CB      -31.8080        7.3270       92.5460 
   6    CG      -31.5690        6.9070       86.7370 
   6    CD      -31.0280        5.9690       90.5210 
   6    CE      -31.7150        6.5390       89.2680 
   6    C1      -32.3390       17.1380       88.0420 
   8    O1      -32.5840       18.3180       87.6630 
   6    C2      -31.9240       16.8660       89.4780 
   8    O2      -32.4450       16.1420       87.2860 
   6    C3      -31.6990       15.3560       89.6190 
   6    C4      -32.2900       14.7530       90.8930 
   6    C5      -33.4260       13.7570       90.6640 
   6    C6      -33.8040       13.1200       91.9990 
   6    C7      -33.5480       11.6290       91.9030 
   6    C8      -32.9090       11.0640       93.1630 
   6    C9      -31.9760        9.9010       92.8120 
   6    CC      -30.6840        7.0730       91.5250 
   6    CF      -30.7960        6.7100       88.0450 
   1   HG3      -32.1330        6.1350       86.5750 
   1   HG2      -32.1210        7.7020       86.8040 
   1   HG1      -30.9430        7.0090       86.0030 
   1   HF2      -30.2140        7.4720       88.1890 
   1   HF1      -30.2260        5.9290       87.9630 
   1   HE2      -32.4500        5.9550       89.0240 
   1   HE1      -32.1000        7.4010       89.4900 
   1   HD2      -30.2180        5.5010       90.2630 
   1   HD1      -31.6100        5.3170       90.9420 
   1   HC2      -30.4990        7.8950       91.0440 
   1   HC1      -29.8720        6.8320       91.9980 
   1   HB2      -31.4130        7.3710       93.4310 
   1   HB1      -32.4050        6.5620       92.5400 
   1   HA2      -33.4980        8.4970       92.7850 
   1   HA1      -32.8460        8.6850       91.3800 
   1   H92      -31.3630       10.2010       92.1230 
   1   H91      -31.4430        9.6930       93.5950 
   1   H82      -32.4110       11.7600       93.6200 
   1   H81      -33.5980       10.7600       93.7740 
   1   H72      -34.3860       11.1700       91.7360 
   1   H71      -32.9710       11.4510       91.1440 
   1   H62      -33.2810       13.5070       92.7180 
   1   H61      -34.7370       13.2900       92.2030 
   1   H52      -34.1940       14.2070       90.2780 
   1   H51      -33.1510       13.0740       90.0330 
   1   H42      -31.5810       14.3090       91.3840 
   1   H41      -32.6160       15.4730       91.4550 
   1   H32      -32.0860       14.9080       88.8510 
   1   H31      -30.7460       15.1780       89.6000 
   1   H22      -31.1140       17.3530       89.6960 
   1   H21      -32.6100       17.1670       90.0940 

