Run semi-empirical minimization
 &qmmm
    qm_theory='AM1', grms_tol=0.0005,
 scfconv=1.d-10, ndiis_attempts=700,   qmcharge=-2,
 /
  15     P      -30.9690       28.9260       78.0100 
  15    PA      -28.5670       27.4940       78.3610 
   8   O1P      -31.5370       29.6880       76.8240 
   8   O2P      -31.0540       29.5580       79.4120 
   8   O3P      -29.4450       28.5830       77.5780 
   6   C5'      -32.6260       27.2940       79.0370 
   8   O5'      -31.6750       27.4950       78.0320 
   6   C4'      -32.9620       25.8290       79.1220 
   8   O4'      -31.9790       25.0160       78.4590 
   6   C3'      -32.9730       25.4570       80.5870 
   8   O3'      -33.8100       26.3130       81.3780 
   6   C2'      -33.4630       24.0420       80.7390 
   8   O2'      -32.5950       23.1640       79.9870 
   6   C1'      -33.4660       23.7930       82.2420 
   6   C1B      -23.2190       29.6510       77.0380 
   7    N1      -35.8720       22.1730       81.8050 
   7   N1A      -19.2640       32.8400       76.0470 
   8   O1A      -29.0150       26.2220       77.6960 
   6    C2      -37.0000       21.4580       81.5670 
   6   C2A      -19.9350       32.0350       75.1790 
   6   C2B      -23.1310       28.2850       77.7310 
   8    O2      -38.0030       22.0330       81.0530 
   8   O2A      -28.5460       27.7390       79.8650 
   8   O2B      -21.9900       27.5910       77.2230 
   6   C3B      -24.4080       27.6660       77.2600 
   7    N3      -37.0760       20.1540       81.8970 
   7   N3A      -20.9560       31.2560       75.6150 
   8   O3B      -24.0720       26.8870       76.1080 
   6    C4      -36.0670       19.4860       82.4660 
   6   C4A      -21.3510       31.2470       76.9280 
   6   C4B      -25.3030       28.8440       76.8130 
   6   C4X      -34.7840       20.2080       82.7360 
   8    O4      -36.2310       18.2800       82.7470 
   8   O4B      -24.5980       30.0600       76.9750 
   6   C5A      -20.6780       32.0900       77.9010 
   6   C5B      -26.5740       29.0110       77.6020 
   6   C5X      -32.5200       20.3020       83.5080 
   7    N5      -33.6850       19.6260       83.2950 
   8   O5B      -27.0990       27.6960       77.7620 
   6    C6      -31.3870       19.6720       84.0570 
   6   C6A      -19.5820       32.9240       77.3850 
   7   N6A      -18.9240       33.7190       78.2610 
   6    C7      -30.1990       20.3690       84.2910 
   6   C7M      -29.0230       19.6630       84.8990 
   7   N7A      -21.2600       31.8960       79.0890 
   6    C8      -30.1230       21.8150       83.9350 
   6   C8A      -22.2490       31.0150       78.9000 
   6   C8M      -28.8860       22.6580       84.1310 
   6    C9      -31.2490       22.4260       83.3740 
   6   C9A      -32.4440       21.7410       83.1480 
   7   N9A      -22.2880       30.6370       77.6260 
   6   C10      -34.7530       21.6400       82.3600 
   7   N10      -33.5650       22.3810       82.5880 
   1  HO4'      -31.2540       25.4370       78.4100 
   1  HO3A      -23.7020       26.1730       76.3510 
   1  HO3'      -33.3390       26.9040       81.7450 
   1  HO2A      -22.0780       27.4750       76.3960 
   1  HO2'      -31.9760       23.6130       79.6380 
   1  HM83      -28.3810       22.3220       84.8880 
   1  HM82      -28.3360       22.6170       83.3330 
   1  HM81      -29.1440       23.5780       84.2980 
   1  HM73      -28.2020       20.0690       84.5810 
   1  HM72      -29.0660       19.7360       85.8650 
   1  HM71      -29.0400       18.7270       84.6450 
   1  H62A      -18.2790       34.2180       77.9880 
   1  H61A      -19.1510       33.7250       79.0900 
   1  H52A      -27.2020       29.5830       77.1350 
   1  H51A      -26.3990       29.4240       78.4620 
   1  H5'2      -33.4260       27.8090       78.8470 
   1  H5'1      -32.2830       27.6070       79.8880 
   1  H1'2      -34.2090       24.2710       82.6420 
   1  H1'1      -32.6540       24.1580       82.6260 
   1   HN3      -37.8070       19.7320       81.7340 
   1    H9      -31.1970       23.3640       83.1320 
   1   H8A      -22.8500       30.6980       79.5920 
   1    H6      -31.4320       18.7290       84.2790 
   1   H4B      -25.5340       28.6380       75.8940 
   1   H4'      -33.8180       25.6750       78.6920 
   1   H3B      -24.8470       27.1220       77.9320 
   1   H3'      -32.0630       25.5550       80.9070 
   1   H2B      -23.0340       28.2930       78.6960 
   1   H2A      -19.6820       32.0180       74.2430 
   1   H2'      -34.3520       23.8790       80.3870 
   1   H1B      -22.9110       29.5820       76.1210 

